0.499799919904413
1.4989992785563921
2.4973971920011913
3.4949926924997112
4.491784808410797
5.487772564160595
6.4829549802209305
7.47733107307909
8.470899855212409
9.46366033506318
10.455611517007299
11.44675240133114
12.437081984198567
13.426599257627638
14.415303209461277
15.403192823336825
16.39026707865719
17.376524950566054
18.361965409910066
19.34658742321793
20.330389952664806
21.3133719560456
22.295532386740305
23.276870193686655
24.25738432134657
25.23707370967805
26.21593729409847
27.19397400545699
28.171182769998424
29.14756250933333
30.12311214040412
31.097830575451052
32.07171672197817
33.044769482721144
34.016987755609975
34.98837043373808
35.95891640532295
36.928624553673465
37.89749375715425
38.865522889146625
39.832710818015485
40.79905640707034
41.76455851452822
42.729215993477986
43.69302769183776
44.65599245232116
45.61810911239603
46.5793765042462
47.53979345473033
48.49935878534417
49.45807131217646
50.415929845872334
51.37293319158825
52.32908014895242
53.28436951202131
54.238800069238515
55.192370603389165
56.145079891558595
57.096926705086894
58.047909809525066
58.99802796458934
59.94727992411686
60.895664436016844
61.84318024222803
62.78982607867012
63.73560067519204
64.68050275553139
65.62453103726041
66.56768423173838
67.50996104406275
68.45136017301678
69.39188031102098
70.33152014408128
71.2702783517354
72.20815360700256
73.14514457632899
74.08124991953429
75.01646828975889
75.9507983334053
76.8842386900861
77.81678799256646
78.74844486670702
79.67920793140601
80.60907579854313
81.53804707291764
82.46612035219087
83.39329422682522
84.31956728002397
85.24493808766842
86.16940521825651
87.0929672328387
88.01562268495502
88.93737012057004
89.85820807800751
90.77813508788311
91.69714967303969
92.61525034847696
93.53243562128465
94.44870399057169
95.36405394739663
96.27848397469731
97.19199254721616
98.10457813143034
99.01623918547504
99.92697415907061
100.83678149344725
101.7456596212658
102.65360696654191
103.56062194456801
104.46670296183181
105.37184841593768
106.27605669552351
107.17932618017862
108.08165524036016
108.98304223730756
109.88348552295787
110.78298343985783
111.68153432107533
112.57913649011115
113.47578826080772
114.37148793725831
115.26623381371259
116.16002417448392
117.05285729385355
117.94473143597342
118.83564485476951
119.72559579384144
120.6145824863625
121.50260315497684
122.38965601169738
123.27573925779996
124.16085108371804
125.04498966893432
125.92815318187192
126.81033977978443
127.69154760864218
128.5717748030195
129.45101948597946
130.3292797689568
131.20655375163932
132.08283952184635
132.95813515540928
133.83243871604603
134.70574825523502
135.5780618120895
136.44937741322713
137.3196930726402
138.18900679156022
139.05731655832608
139.92462034824462
140.79091612345363
141.65620183277935
142.52047541159428
143.38373478167193
144.2459778510385
145.10720251382503
145.9674066501135
146.82658812578458
147.68474479235945
148.5418744868419
149.39797503155654
150.25304423398532
151.10707988659993
151.96007976669497
152.8120416362142
153.66296324157693
154.51284231350152
155.36167656682446
156.20946370031876
157.0562013965067
157.90188732147294
158.74651912467152
159.59009443873174
160.4326108792608
161.27406604464295
162.11445751583648
162.95378285616974
163.7920396111353
164.62922530819
165.46533745656083
166.3003735470762
167.134331052035
167.96720742516408
168.7990001017318
169.62970649895078
170.45932401690638
171.2878500404156
172.11528194251377
172.94161709074345
173.7668528581917
174.59098664244965
175.4140158975663
176.23593818697282
177.05675126963382
177.8764532378895
178.69504273412693
179.51251928513418
180.32888380814592
181.1441393610893
181.95829223041662
182.77135347065425
183.58334102560133
184.39428256413962
185.2042191426104
186.01320974662292
186.82133665358708
187.62871138372475
188.43548077552862
189.2418324584164
190.04799875810738
190.85425794489294
191.6609318168021
192.4683789658467
193.27698369933623
194.0871413697005
194.89924160548807
195.7136514089302
196.530700135689
197.3506679836659
198.17377892002054
199.00019818455598
199.830033832856
200.6633413549025
201.5001302530123
202.34037153530582
203.18400528876137
204.0309477523404
204.88109755275832
205.7343409595874
206.5905561526582
207.44961657810424
208.3113935114963
209.17575796002606
210.04258203163874
210.91173988559777
211.78310836174498
212.65656736808725
213.5320000901133
214.40929307122474
215.28833620207857
216.16902264731578
217.05124873083744
217.93491379514725
218.81992004597768
219.70617239018742
220.59357827251145
221.48204751496706
222.37149216142478
223.26182632891138
224.15296606654357
225.0448292225133
225.93733531921885
226.83040543640956
227.72396210206702
228.61792919065306
229.5122318283019
230.4067963045077
231.3015499898546
232.1964212593411
233.0913394208678
233.98623464847412
234.88103791993794
235.77568095837339
236.67009617748369
237.56421663016098
238.4579759601355
239.35130835640587
240.24414851020478
241.13643157426534
242.02809312418182
242.91906912166118
243.80929587949436
244.69871002806826
245.58724848327327
246.47484841565293
247.36144722066734
248.24698248993695
249.1313919833557
250.01461360195557
250.89658536141994
251.77724536614272
252.65653178374052
253.53438281992132
254.41073669362441
255.28553161234177
256.15870574753717
257.03019721008167
257.8999440256201
258.7678841097865
259.6339552431899
260.4980950460818
261.36024095262286
262.2203301846667
263.07829972496256
263.934086289694
264.78762630025176
265.6388558541442
266.4877106949354
267.3341261811058
268.17803725371334
269.0193784027263
269.8580836319021
270.6940864220568
271.5273196925769
272.35771576100393
273.185206300504
274.00972229503
274.831193991956
275.64955085194686
276.46472149580484
277.2766336480036
278.08521407659816
278.8903885291598
279.69208166435027
280.49021697870654
281.28471672815755
282.0755018437419
282.8624918409274
283.64560472186145
284.424756869804
285.1998629348865
285.97083571023694
286.7375859973809
287.5000224596702
288.2580514623244
289.01157689745384
289.7604999921968
290.5047190978089
291.2441294572079
291.9786229480592
292.7080877980147
293.4324082681122
294.1514642996449
294.8651311189378
295.5732787934092
296.2757717309888
296.97246811334173
297.663219251322
298.34786884852764
299.026252155582
299.6981949936182
300.3635126200599
301.0220084027596
301.67347225925585
302.3176788054444
302.95438514104416
303.5833281759124
304.20422136859077
304.8167507017856
305.42056965161026
306.0152928051834
306.60048763084063
307.1756636277468
307.74025787269954
308.2936141651656
308.83495810781966
309.36333351714626
309.87764053212084
310.3760095708827
310.85794502968656
311.3136862063269
311.76390691874434
312.11324618362437
312.60906567030815
312.72965080243944
313.4667133738944
313.47977036562276
314.39725315824325
314.39805112301804
315.40360207195033
315.4036386107367
316.47410978201054
316.47411113184745
317.60024458388517
317.6002446255336
318.7764792967656
318.7764792978614
319.99903008870734
319.99903008873224
321.2651751529462
321.2651751529467
322.5728929322022
322.57289293220236
323.92065303627845
323.9206530362785
325.30728646223736
325.30728646223747
326.7319005671774
326.7319005671774
328.1938210017239
328.193821001724
329.69255075244246
329.69255075244257
331.22774051447675
331.22774051447686
332.7991668428685
332.79916684286854
334.40671581420634
334.40671581420634
336.05037070269566
336.0503707026957
337.7302026575087
337.73020265750876
339.4463636800202
339.4463636800203
341.1990814068273
341.19908140682736
342.988655346013
342.98865534601305
344.8154543132948
344.8154543132948
346.67991488594487
346.6799148859449
348.58254074492567
348.5825407449259
350.5239028155711
350.52390281557115
352.5046401484388
352.50464014843885
354.52546150745565
354.5254615074559
356.5871476541926
356.58714765419325
358.69055433654944
358.6905543365495
360.8366160084399
360.83661600844005
363.02635032533095
363.02635032533107
365.2608634794762
365.2608634794764
367.5413564594267
367.5413564594274
369.86913234177774
369.86913234177774
372.24560475023543
372.2456047502358
374.67230764927956
374.67230764928047
377.1509066785923
377.1509066785923
379.68321228210044
379.68321228210067
382.2711949446514
382.27119494465245
384.91700292363424
384.91700292363436
387.622982957039
387.62298295703954
390.39170455020883
390.39170455020917
393.2259885996855
393.2259885996858
396.1289413169652
396.1289413169664
399.10399468513407
399.103994685136
402.15495504286923
402.1549550428698
405.2860618799935
405.2860618799937
408.50205960121804
408.5020596012191
411.80828595164934
411.8082859516505
415.2107821244334
415.210782124434
418.71643148329076
418.7164314832911
422.3331366435812
422.33313664358167
426.07004887858574
426.0700488785864
429.9378703196268
429.93787031962705
433.94925971059115
433.94925971059155
438.1193892915174
438.11938929151745
442.46672887285405
442.4667288728548
447.01418351503446
447.01418351503577
451.79080479940535
451.79080479940563
456.83448033753666
456.83448033753865
462.1963984893229
462.1963984893232
467.9490000029141
467.94900000291494
474.2015369333162
474.20153693331775
481.1348599776169
481.1348599776175
489.0971154949448
489.0971154949462
498.9910996903246
498.9910996903256
